cora_ml_meta_0.15_30_0.7_num_adj:4: 	mean:0.8047153024911031	var:0.02391770343081756
cora_ml_meta_0.15_30_0.7_num_adj:4: 	mean:0.7949288256227758	var:0.019194259959158213
cora_meta_0.25_10_0.9_num_adj:5: 	mean:0.7535211267605635	var:0.006624005571368536
